[1747425568] [115, 101, 114, 118, 101, 114, 95, 116, 121, 112, 101, 33, 40, 84, 101, 120, 116, 83, 101, 114, 118, 101, 114, 41, 0, 0, 0, 0, 0, 0, 0, 0, 0, 0, 0, 0, 0, 0, 0, 0, 0, 0, 0, 0, 0, 0, 0, 0, 0, 0, 0, 0, 0, 0, 0, 0, 0, 0, 0, 0, 0, 0, 0, 0, 0, 0, 0, 0, 0, 0, 0, 0, 0, 0, 0, 0, 0, 0, 0, 0, 0, 0, 0, 0, 0, 0, 0, 0, 0, 0, 0, 0, 0, 0, 0, 0, 0, 0, 0, 0, 0, 0, 0, 0, 0, 0, 0, 0, 0, 0, 0, 0, 0, 0, 0, 0, 0, 0, 0, 0, 0, 0, 0, 0, 0, 0, 0, 0]
[1747425568] "server_type!(TextServer)"
[1747425578] [102, 105, 108, 101, 115, 95, 108, 105, 115, 116, 33, 40, 91, 34, 116, 101, 120, 116, 51, 46, 116, 120, 116, 34, 44, 32, 34, 116, 101, 120, 116, 50, 46, 116, 120, 116, 34, 44, 32, 34, 116, 101, 120, 116, 49, 46, 116, 120, 116, 34, 93, 41, 0, 0, 0, 0, 0, 0, 0, 0, 0, 0, 0, 0, 0, 0, 0, 0, 0, 0, 0, 0, 0, 0, 0, 0, 0, 0, 0, 0, 0, 0, 0, 0, 0, 0, 0, 0, 0, 0, 0, 0, 0, 0, 0, 0, 0, 0, 0, 0, 0, 0, 0, 0, 0, 0, 0, 0, 0, 0, 0, 0, 0, 0, 0, 0, 0, 0, 0, 0, 0, 0, 0, 0, 0, 0, 0, 0]
[1747425578] "files_list!([\"text3.txt\", \"text2.txt\", \"text1.txt\"])"
[1747425582] [102, 105, 108, 101, 33, 40, 51, 44, 55, 56, 57, 41, 0, 0, 0, 0, 0, 0, 0, 0, 0, 0, 0, 0, 0, 0, 0, 0, 0, 0, 0, 0, 0, 0, 0, 0, 0, 0, 0, 0, 0, 0, 0, 0, 0, 0, 0, 0, 0, 0, 0, 0, 0, 0, 0, 0, 0, 0, 0, 0, 0, 0, 0, 0, 0, 0, 0, 0, 0, 0, 0, 0, 0, 0, 0, 0, 0, 0, 0, 0, 0, 0, 0, 0, 0, 0, 0, 0, 0, 0, 0, 0, 0, 0, 0, 0, 0, 0, 0, 0, 0, 0, 0, 0, 0, 0, 0, 0, 0, 0, 0, 0, 0, 0, 0, 0, 0, 0, 0, 0, 0, 0, 0, 0, 0, 0, 0, 0]
[1747425582] "file!(3,789)"
[1747425585] [102, 105, 108, 101, 33, 40, 51, 44, 52, 53, 54, 41, 0, 0, 0, 0, 0, 0, 0, 0, 0, 0, 0, 0, 0, 0, 0, 0, 0, 0, 0, 0, 0, 0, 0, 0, 0, 0, 0, 0, 0, 0, 0, 0, 0, 0, 0, 0, 0, 0, 0, 0, 0, 0, 0, 0, 0, 0, 0, 0, 0, 0, 0, 0, 0, 0, 0, 0, 0, 0, 0, 0, 0, 0, 0, 0, 0, 0, 0, 0, 0, 0, 0, 0, 0, 0, 0, 0, 0, 0, 0, 0, 0, 0, 0, 0, 0, 0, 0, 0, 0, 0, 0, 0, 0, 0, 0, 0, 0, 0, 0, 0, 0, 0, 0, 0, 0, 0, 0, 0, 0, 0, 0, 0, 0, 0, 0, 0]
[1747425585] "file!(3,456)"
[1747425588] [102, 105, 108, 101, 33, 40, 51, 44, 49, 50, 51, 41, 0, 0, 0, 0, 0, 0, 0, 0, 0, 0, 0, 0, 0, 0, 0, 0, 0, 0, 0, 0, 0, 0, 0, 0, 0, 0, 0, 0, 0, 0, 0, 0, 0, 0, 0, 0, 0, 0, 0, 0, 0, 0, 0, 0, 0, 0, 0, 0, 0, 0, 0, 0, 0, 0, 0, 0, 0, 0, 0, 0, 0, 0, 0, 0, 0, 0, 0, 0, 0, 0, 0, 0, 0, 0, 0, 0, 0, 0, 0, 0, 0, 0, 0, 0, 0, 0, 0, 0, 0, 0, 0, 0, 0, 0, 0, 0, 0, 0, 0, 0, 0, 0, 0, 0, 0, 0, 0, 0, 0, 0, 0, 0, 0, 0, 0, 0]
[1747425588] "file!(3,123)"
[1747425591] [102, 105, 108, 101, 33, 40, 51, 44, 55, 56, 57, 41, 0, 0, 0, 0, 0, 0, 0, 0, 0, 0, 0, 0, 0, 0, 0, 0, 0, 0, 0, 0, 0, 0, 0, 0, 0, 0, 0, 0, 0, 0, 0, 0, 0, 0, 0, 0, 0, 0, 0, 0, 0, 0, 0, 0, 0, 0, 0, 0, 0, 0, 0, 0, 0, 0, 0, 0, 0, 0, 0, 0, 0, 0, 0, 0, 0, 0, 0, 0, 0, 0, 0, 0, 0, 0, 0, 0, 0, 0, 0, 0, 0, 0, 0, 0, 0, 0, 0, 0, 0, 0, 0, 0, 0, 0, 0, 0, 0, 0, 0, 0, 0, 0, 0, 0, 0, 0, 0, 0, 0, 0, 0, 0, 0, 0, 0, 0]
[1747425591] "file!(3,789)"
[1747425609] [115, 101, 114, 118, 101, 114, 95, 116, 121, 112, 101, 33, 40, 84, 101, 120, 116, 83, 101, 114, 118, 101, 114, 41, 0, 0, 0, 0, 0, 0, 0, 0, 0, 0, 0, 0, 0, 0, 0, 0, 0, 0, 0, 0, 0, 0, 0, 0, 0, 0, 0, 0, 0, 0, 0, 0, 0, 0, 0, 0, 0, 0, 0, 0, 0, 0, 0, 0, 0, 0, 0, 0, 0, 0, 0, 0, 0, 0, 0, 0, 0, 0, 0, 0, 0, 0, 0, 0, 0, 0, 0, 0, 0, 0, 0, 0, 0, 0, 0, 0, 0, 0, 0, 0, 0, 0, 0, 0, 0, 0, 0, 0, 0, 0, 0, 0, 0, 0, 0, 0, 0, 0, 0, 0, 0, 0, 0, 0]
[1747425609] "server_type!(TextServer)"
[1747425618] [102, 105, 108, 101, 115, 95, 108, 105, 115, 116, 33, 40, 91, 34, 116, 101, 120, 116, 51, 46, 116, 120, 116, 34, 44, 32, 34, 116, 101, 120, 116, 50, 46, 116, 120, 116, 34, 44, 32, 34, 116, 101, 120, 116, 49, 46, 116, 120, 116, 34, 93, 41, 0, 0, 0, 0, 0, 0, 0, 0, 0, 0, 0, 0, 0, 0, 0, 0, 0, 0, 0, 0, 0, 0, 0, 0, 0, 0, 0, 0, 0, 0, 0, 0, 0, 0, 0, 0, 0, 0, 0, 0, 0, 0, 0, 0, 0, 0, 0, 0, 0, 0, 0, 0, 0, 0, 0, 0, 0, 0, 0, 0, 0, 0, 0, 0, 0, 0, 0, 0, 0, 0, 0, 0, 0, 0, 0, 0]
[1747425618] "files_list!([\"text3.txt\", \"text2.txt\", \"text1.txt\"])"
[1747425737] [115, 101, 114, 118, 101, 114, 95, 116, 121, 112, 101, 33, 40, 84, 101, 120, 116, 83, 101, 114, 118, 101, 114, 41, 0, 0, 0, 0, 0, 0, 0, 0, 0, 0, 0, 0, 0, 0, 0, 0, 0, 0, 0, 0, 0, 0, 0, 0, 0, 0, 0, 0, 0, 0, 0, 0, 0, 0, 0, 0, 0, 0, 0, 0, 0, 0, 0, 0, 0, 0, 0, 0, 0, 0, 0, 0, 0, 0, 0, 0, 0, 0, 0, 0, 0, 0, 0, 0, 0, 0, 0, 0, 0, 0, 0, 0, 0, 0, 0, 0, 0, 0, 0, 0, 0, 0, 0, 0, 0, 0, 0, 0, 0, 0, 0, 0, 0, 0, 0, 0, 0, 0, 0, 0, 0, 0, 0, 0]
[1747425737] "server_type!(TextServer)"
[1747425744] [102, 105, 108, 101, 115, 95, 108, 105, 115, 116, 33, 40, 91, 34, 114, 114, 114, 46, 116, 120, 116, 34, 44, 32, 34, 116, 101, 120, 116, 51, 46, 116, 120, 116, 34, 44, 32, 34, 116, 101, 120, 116, 50, 46, 116, 120, 116, 34, 44, 32, 34, 116, 101, 120, 116, 49, 46, 116, 120, 116, 34, 93, 41, 0, 0, 0, 0, 0, 0, 0, 0, 0, 0, 0, 0, 0, 0, 0, 0, 0, 0, 0, 0, 0, 0, 0, 0, 0, 0, 0, 0, 0, 0, 0, 0, 0, 0, 0, 0, 0, 0, 0, 0, 0, 0, 0, 0, 0, 0, 0, 0, 0, 0, 0, 0, 0, 0, 0, 0, 0, 0, 0, 0, 0, 0, 0, 0, 0]
[1747425744] "files_list!([\"rrr.txt\", \"text3.txt\", \"text2.txt\", \"text1.txt\"])"
[1747425747] [102, 105, 108, 101, 33, 40, 49, 55, 54, 56, 44, 103, 97, 107, 100, 106, 115, 102, 103, 107, 46, 106, 97, 100, 98, 103, 107, 46, 102, 97, 100, 106, 103, 46, 107, 97, 100, 102, 106, 10, 103, 97, 107, 100, 106, 115, 102, 103, 107, 46, 106, 97, 100, 98, 103, 107, 46, 102, 97, 100, 106, 103, 46, 107, 97, 100, 102, 106, 103, 97, 107, 100, 106, 115, 102, 103, 107, 46, 106, 97, 100, 98, 103, 107, 46, 102, 97, 100, 106, 103, 46, 107, 97, 100, 102, 106, 10, 103, 97, 107, 100, 106, 115, 102, 103, 107, 46, 106, 97, 100, 98, 103, 107, 46, 102, 97, 100, 106, 103, 46, 107, 97, 100, 102, 106, 103, 97, 107]
[1747426514] [115, 101, 114, 118, 101, 114, 95, 116, 121, 112, 101, 33, 40, 84, 101, 120, 116, 83, 101, 114, 118, 101, 114, 41, 0, 0, 0, 0, 0, 0, 0, 0, 0, 0, 0, 0, 0, 0, 0, 0, 0, 0, 0, 0, 0, 0, 0, 0, 0, 0, 0, 0, 0, 0, 0, 0, 0, 0, 0, 0, 0, 0, 0, 0, 0, 0, 0, 0, 0, 0, 0, 0, 0, 0, 0, 0, 0, 0, 0, 0, 0, 0, 0, 0, 0, 0, 0, 0, 0, 0, 0, 0, 0, 0, 0, 0, 0, 0, 0, 0, 0, 0, 0, 0, 0, 0, 0, 0, 0, 0, 0, 0, 0, 0, 0, 0, 0, 0, 0, 0, 0, 0, 0, 0, 0, 0, 0, 0]
[1747426514] "server_type!(TextServer)"
[1747426529] [102, 105, 108, 101, 115, 95, 108, 105, 115, 116, 33, 40, 91, 34, 114, 114, 114, 46, 116, 120, 116, 34, 44, 32, 34, 116, 101, 120, 116, 51, 46, 116, 120, 116, 34, 44, 32, 34, 116, 101, 120, 116, 50, 46, 116, 120, 116, 34, 44, 32, 34, 116, 101, 120, 116, 49, 46, 116, 120, 116, 34, 93, 41, 0, 0, 0, 0, 0, 0, 0, 0, 0, 0, 0, 0, 0, 0, 0, 0, 0, 0, 0, 0, 0, 0, 0, 0, 0, 0, 0, 0, 0, 0, 0, 0, 0, 0, 0, 0, 0, 0, 0, 0, 0, 0, 0, 0, 0, 0, 0, 0, 0, 0, 0, 0, 0, 0, 0, 0, 0, 0, 0, 0, 0, 0, 0, 0, 0]
[1747426529] "files_list!([\"rrr.txt\", \"text3.txt\", \"text2.txt\", \"text1.txt\"])"
[1747426534] [102, 105, 108, 101, 33, 40, 49, 55, 54, 56, 44, 103, 97, 107, 100, 106, 115, 102, 103, 107, 46, 106, 97, 100, 98, 103, 107, 46, 102, 97, 100, 106, 103, 46, 107, 97, 100, 102, 106, 10, 103, 97, 107, 100, 106, 115, 102, 103, 107, 46, 106, 97, 100, 98, 103, 107, 46, 102, 97, 100, 106, 103, 46, 107, 97, 100, 102, 106, 103, 97, 107, 100, 106, 115, 102, 103, 107, 46, 106, 97, 100, 98, 103, 107, 46, 102, 97, 100, 106, 103, 46, 107, 97, 100, 102, 106, 10, 103, 97, 107, 100, 106, 115, 102, 103, 107, 46, 106, 97, 100, 98, 103, 107, 46, 102, 97, 100, 106, 103, 46, 107, 97, 100, 102, 106, 103, 97, 107]
[1747426534] [100, 106, 115, 102, 103, 107, 46, 106, 97, 100, 98, 103, 107, 46, 102, 97, 100, 106, 103, 46, 107, 97, 100, 102, 106, 10, 103, 97, 107, 100, 106, 115, 102, 103, 107, 46, 106, 97, 100, 98, 103, 107, 46, 102, 97, 100, 106, 103, 46, 107, 97, 100, 102, 106, 103, 97, 107, 100, 106, 115, 102, 103, 107, 46, 106, 97, 100, 98, 103, 107, 46, 102, 97, 100, 106, 103, 46, 107, 97, 100, 102, 106, 10, 103, 97, 107, 100, 106, 115, 102, 103, 107, 46, 106, 97, 100, 98, 103, 107, 46, 102, 97, 100, 106, 103, 46, 107, 97, 100, 102, 106, 103, 97, 107, 100, 106, 115, 102, 103, 107, 46, 106, 97, 100, 98, 103, 107, 46]
[1747426534] [102, 97, 100, 106, 103, 46, 107, 97, 100, 102, 106, 10, 103, 97, 107, 100, 106, 115, 102, 103, 107, 46, 106, 97, 100, 98, 103, 107, 46, 102, 97, 100, 106, 103, 46, 107, 97, 100, 102, 106, 103, 97, 107, 100, 106, 115, 102, 103, 107, 46, 106, 97, 100, 98, 103, 107, 46, 102, 97, 100, 106, 103, 46, 107, 97, 100, 102, 106, 10, 103, 97, 107, 100, 106, 115, 102, 103, 107, 46, 106, 97, 100, 98, 103, 107, 46, 102, 97, 100, 106, 103, 46, 107, 97, 100, 102, 106, 103, 97, 107, 100, 106, 115, 102, 103, 107, 46, 106, 97, 100, 98, 103, 107, 46, 102, 97, 100, 106, 103, 46, 107, 97, 100, 102, 106, 10, 103, 97]
[1747426534] [107, 100, 106, 115, 102, 103, 107, 46, 106, 97, 100, 98, 103, 107, 46, 102, 97, 100, 106, 103, 46, 107, 97, 100, 102, 106, 103, 97, 107, 100, 106, 115, 102, 103, 107, 46, 106, 97, 100, 98, 103, 107, 46, 102, 97, 100, 106, 103, 46, 107, 97, 100, 102, 106, 10, 103, 97, 107, 100, 106, 115, 102, 103, 107, 46, 106, 97, 100, 98, 103, 107, 46, 102, 97, 100, 106, 103, 46, 107, 97, 100, 102, 106, 103, 97, 107, 100, 106, 115, 102, 103, 107, 46, 106, 97, 100, 98, 103, 107, 46, 102, 97, 100, 106, 103, 46, 107, 97, 100, 102, 106, 10, 103, 97, 107, 100, 106, 115, 102, 103, 107, 46, 106, 97, 100, 98, 103, 107]
[1747426534] [46, 102, 97, 100, 106, 103, 46, 107, 97, 100, 102, 106, 103, 97, 107, 100, 106, 115, 102, 103, 107, 46, 106, 97, 100, 98, 103, 107, 46, 102, 97, 100, 106, 103, 46, 107, 97, 100, 102, 106, 10, 103, 97, 107, 100, 106, 115, 102, 103, 107, 46, 106, 97, 100, 98, 103, 107, 46, 102, 97, 100, 106, 103, 46, 107, 97, 100, 102, 106, 103, 97, 107, 100, 106, 115, 102, 103, 107, 46, 106, 97, 100, 98, 103, 107, 46, 102, 97, 100, 106, 103, 46, 107, 97, 100, 102, 106, 10, 103, 97, 107, 100, 106, 115, 102, 103, 107, 46, 106, 97, 100, 98, 103, 107, 46, 102, 97, 100, 106, 103, 46, 107, 97, 100, 102, 106, 103, 97]
[1747426534] [107, 100, 106, 115, 102, 103, 107, 46, 106, 97, 100, 98, 103, 107, 46, 102, 97, 100, 106, 103, 46, 107, 97, 100, 102, 106, 10, 103, 97, 107, 100, 106, 115, 102, 103, 107, 46, 106, 97, 100, 98, 103, 107, 46, 102, 97, 100, 106, 103, 46, 107, 97, 100, 102, 106, 103, 97, 107, 100, 106, 115, 102, 103, 107, 46, 106, 97, 100, 98, 103, 107, 46, 102, 97, 100, 106, 103, 46, 107, 97, 100, 102, 106, 10, 103, 97, 107, 100, 106, 115, 102, 103, 107, 46, 106, 97, 100, 98, 103, 107, 46, 102, 97, 100, 106, 103, 46, 107, 97, 100, 102, 106, 103, 97, 107, 100, 106, 115, 102, 103, 107, 46, 106, 97, 100, 98, 103, 107]
[1747426534] [46, 102, 97, 100, 106, 103, 46, 107, 97, 100, 102, 106, 10, 103, 97, 107, 100, 106, 115, 102, 103, 107, 46, 106, 97, 100, 98, 103, 107, 46, 102, 97, 100, 106, 103, 46, 107, 97, 100, 102, 106, 103, 97, 107, 100, 106, 115, 102, 103, 107, 46, 106, 97, 100, 98, 103, 107, 46, 102, 97, 100, 106, 103, 46, 107, 97, 100, 102, 106, 10, 103, 97, 107, 100, 106, 115, 102, 103, 107, 46, 106, 97, 100, 98, 103, 107, 46, 102, 97, 100, 106, 103, 46, 107, 97, 100, 102, 106, 103, 97, 107, 100, 106, 115, 102, 103, 107, 46, 106, 97, 100, 98, 103, 107, 46, 102, 97, 100, 106, 103, 46, 107, 97, 100, 102, 106, 10, 103]
[1747426534] [97, 107, 100, 106, 115, 102, 103, 107, 46, 106, 97, 100, 98, 103, 107, 46, 102, 97, 100, 106, 103, 46, 107, 97, 100, 102, 106, 103, 97, 107, 100, 106, 115, 102, 103, 107, 46, 106, 97, 100, 98, 103, 107, 46, 102, 97, 100, 106, 103, 46, 107, 97, 100, 102, 106, 10, 103, 97, 107, 100, 106, 115, 102, 103, 107, 46, 106, 97, 100, 98, 103, 107, 46, 102, 97, 100, 106, 103, 46, 107, 97, 100, 102, 106, 103, 97, 107, 100, 106, 115, 102, 103, 107, 46, 106, 97, 100, 98, 103, 107, 46, 102, 97, 100, 106, 103, 46, 107, 97, 100, 102, 106, 10, 103, 97, 107, 100, 106, 115, 102, 103, 107, 46, 106, 97, 100, 98, 103]
[1747426534] [107, 46, 102, 97, 100, 106, 103, 46, 107, 97, 100, 102, 106, 103, 97, 107, 100, 106, 115, 102, 103, 107, 46, 106, 97, 100, 98, 103, 107, 46, 102, 97, 100, 106, 103, 46, 107, 97, 100, 102, 106, 10, 103, 97, 107, 100, 106, 115, 102, 103, 107, 46, 106, 97, 100, 98, 103, 107, 46, 102, 97, 100, 106, 103, 46, 107, 97, 100, 102, 106, 103, 97, 107, 100, 106, 115, 102, 103, 107, 46, 106, 97, 100, 98, 103, 107, 46, 102, 97, 100, 106, 103, 46, 107, 97, 100, 102, 106, 10, 103, 97, 107, 100, 106, 115, 102, 103, 107, 46, 106, 97, 100, 98, 103, 107, 46, 102, 97, 100, 106, 103, 46, 107, 97, 100, 102, 106, 103]
[1747426534] [97, 107, 100, 106, 115, 102, 103, 107, 46, 106, 97, 100, 98, 103, 107, 46, 102, 97, 100, 106, 103, 46, 107, 97, 100, 102, 106, 10, 103, 97, 107, 100, 106, 115, 102, 103, 107, 46, 106, 97, 100, 98, 103, 107, 46, 102, 97, 100, 106, 103, 46, 107, 97, 100, 102, 106, 103, 97, 107, 100, 106, 115, 102, 103, 107, 46, 106, 97, 100, 98, 103, 107, 46, 102, 97, 100, 106, 103, 46, 107, 97, 100, 102, 106, 10, 103, 97, 107, 100, 106, 115, 102, 103, 107, 46, 106, 97, 100, 98, 103, 107, 46, 102, 97, 100, 106, 103, 46, 107, 97, 100, 102, 106, 103, 97, 107, 100, 106, 115, 102, 103, 107, 46, 106, 97, 100, 98, 103]
[1747426534] [107, 46, 102, 97, 100, 106, 103, 46, 107, 97, 100, 102, 106, 10, 103, 97, 107, 100, 106, 115, 102, 103, 107, 46, 106, 97, 100, 98, 103, 107, 46, 102, 97, 100, 106, 103, 46, 107, 97, 100, 102, 106, 103, 97, 107, 100, 106, 115, 102, 103, 107, 46, 106, 97, 100, 98, 103, 107, 46, 102, 97, 100, 106, 103, 46, 107, 97, 100, 102, 106, 10, 103, 97, 107, 100, 106, 115, 102, 103, 107, 46, 106, 97, 100, 98, 103, 107, 46, 102, 97, 100, 106, 103, 46, 107, 97, 100, 102, 106, 103, 97, 107, 100, 106, 115, 102, 103, 107, 46, 106, 97, 100, 98, 103, 107, 46, 102, 97, 100, 106, 103, 46, 107, 97, 100, 102, 106, 10]
[1747426534] [103, 97, 107, 100, 106, 115, 102, 103, 107, 46, 106, 97, 100, 98, 103, 107, 46, 102, 97, 100, 106, 103, 46, 107, 97, 100, 102, 106, 103, 97, 107, 100, 106, 115, 102, 103, 107, 46, 106, 97, 100, 98, 103, 107, 46, 102, 97, 100, 106, 103, 46, 107, 97, 100, 102, 106, 10, 103, 97, 107, 100, 106, 115, 102, 103, 107, 46, 106, 97, 100, 98, 103, 107, 46, 102, 97, 100, 106, 103, 46, 107, 97, 100, 102, 106, 103, 97, 107, 100, 106, 115, 102, 103, 107, 46, 106, 97, 100, 98, 103, 107, 46, 102, 97, 100, 106, 103, 46, 107, 97, 100, 102, 106, 10, 103, 97, 107, 100, 106, 115, 102, 103, 107, 46, 106, 97, 100, 98]
[1747426534] [103, 107, 46, 102, 97, 100, 106, 103, 46, 107, 97, 100, 102, 106, 103, 97, 107, 100, 106, 115, 102, 103, 107, 46, 106, 97, 100, 98, 103, 107, 46, 102, 97, 100, 106, 103, 46, 107, 97, 100, 102, 106, 10, 103, 97, 107, 100, 106, 115, 102, 103, 107, 46, 106, 97, 100, 98, 103, 107, 46, 102, 97, 100, 106, 103, 46, 107, 97, 100, 102, 106, 103, 97, 107, 100, 106, 115, 102, 103, 107, 46, 106, 97, 100, 98, 103, 107, 46, 102, 97, 100, 106, 103, 46, 107, 97, 100, 102, 106, 10, 103, 97, 107, 100, 106, 115, 102, 103, 107, 46, 106, 97, 100, 98, 103, 107, 46, 102, 97, 100, 106, 103, 46, 107, 97, 100, 102, 106]
[1747426534] [103, 97, 107, 100, 106, 115, 102, 103, 107, 46, 106, 97, 100, 98, 103, 107, 46, 102, 97, 100, 106, 103, 46, 107, 97, 100, 102, 106, 10, 103, 97, 107, 100, 106, 115, 102, 103, 107, 46, 106, 97, 100, 98, 103, 107, 46, 102, 97, 100, 106, 103, 46, 107, 97, 100, 102, 106, 103, 97, 107, 100, 106, 115, 102, 103, 107, 46, 106, 97, 100, 98, 103, 107, 46, 102, 97, 100, 106, 103, 46, 107, 97, 100, 102, 106, 10, 103, 97, 107, 100, 106, 115, 102, 103, 107, 46, 106, 97, 100, 98, 103, 107, 46, 102, 97, 100, 106, 103, 46, 107, 97, 100, 102, 106, 10, 41, 0, 0, 0, 0, 0, 0, 0, 0, 0, 0, 0, 0]
[1747426534] "file!(1768,gakdjsfgk.jadbgk.fadjg.kadfj\ngakdjsfgk.jadbgk.fadjg.kadfjgakdjsfgk.jadbgk.fadjg.kadfj\ngakdjsfgk.jadbgk.fadjg.kadfjgakdjsfgk.jadbgk.fadjg.kadfj\ngakdjsfgk.jadbgk.fadjg.kadfjgakdjsfgk.jadbgk.fadjg.kadfj\ngakdjsfgk.jadbgk.fadjg.kadfjgakdjsfgk.jadbgk.fadjg.kadfj\ngakdjsfgk.jadbgk.fadjg.kadfjgakdjsfgk.jadbgk.fadjg.kadfj\ngakdjsfgk.jadbgk.fadjg.kadfjgakdjsfgk.jadbgk.fadjg.kadfj\ngakdjsfgk.jadbgk.fadjg.kadfjgakdjsfgk.jadbgk.fadjg.kadfj\ngakdjsfgk.jadbgk.fadjg.kadfjgakdjsfgk.jadbgk.fadjg.kadfj\ngakdjsfgk.jadbgk.fadjg.kadfjgakdjsfgk.jadbgk.fadjg.kadfj\ngakdjsfgk.jadbgk.fadjg.kadfjgakdjsfgk.jadbgk.fadjg.kadfj\ngakdjsfgk.jadbgk.fadjg.kadfjgakdjsfgk.jadbgk.fadjg.kadfj\ngakdjsfgk.jadbgk.fadjg.kadfjgakdjsfgk.jadbgk.fadjg.kadfj\ngakdjsfgk.jadbgk.fadjg.kadfjgakdjsfgk.jadbgk.fadjg.kadfj\ngakdjsfgk.jadbgk.fadjg.kadfjgakdjsfgk.jadbgk.fadjg.kadfj\ngakdjsfgk.jadbgk.fadjg.kadfjgakdjsfgk.jadbgk.fadjg.kadfj\ngakdjsfgk.jadbgk.fadjg.kadfjgakdjsfgk.jadbgk.fadjg.kadfj\ngakdjsfgk.jadbgk.fadjg.kadfjgakdjsfgk.jadbgk.fadjg.kadfj\ngakdjsfgk.jadbgk.fadjg.kadfjgakdjsfgk.jadbgk.fadjg.kadfj\ngakdjsfgk.jadbgk.fadjg.kadfjgakdjsfgk.jadbgk.fadjg.kadfj\ngakdjsfgk.jadbgk.fadjg.kadfjgakdjsfgk.jadbgk.fadjg.kadfj\ngakdjsfgk.jadbgk.fadjg.kadfjgakdjsfgk.jadbgk.fadjg.kadfj\ngakdjsfgk.jadbgk.fadjg.kadfjgakdjsfgk.jadbgk.fadjg.kadfj\ngakdjsfgk.jadbgk.fadjg.kadfjgakdjsfgk.jadbgk.fadjg.kadfj\ngakdjsfgk.jadbgk.fadjg.kadfjgakdjsfgk.jadbgk.fadjg.kadfj\ngakdjsfgk.jadbgk.fadjg.kadfjgakdjsfgk.jadbgk.fadjg.kadfj\ngakdjsfgk.jadbgk.fadjg.kadfjgakdjsfgk.jadbgk.fadjg.kadfj\ngakdjsfgk.jadbgk.fadjg.kadfjgakdjsfgk.jadbgk.fadjg.kadfj\ngakdjsfgk.jadbgk.fadjg.kadfjgakdjsfgk.jadbgk.fadjg.kadfj\ngakdjsfgk.jadbgk.fadjg.kadfjgakdjsfgk.jadbgk.fadjg.kadfj\ngakdjsfgk.jadbgk.fadjg.kadfjgakdjsfgk.jadbgk.fadjg.kadfj\ngakdjsfgk.jadbgk.fadjg.kadfj\n)"
[1747426657] [115, 101, 114, 118, 101, 114, 95, 116, 121, 112, 101, 33, 40, 84, 101, 120, 116, 83, 101, 114, 118, 101, 114, 41, 0, 0, 0, 0, 0, 0, 0, 0, 0, 0, 0, 0, 0, 0, 0, 0, 0, 0, 0, 0, 0, 0, 0, 0, 0, 0, 0, 0, 0, 0, 0, 0, 0, 0, 0, 0, 0, 0, 0, 0, 0, 0, 0, 0, 0, 0, 0, 0, 0, 0, 0, 0, 0, 0, 0, 0, 0, 0, 0, 0, 0, 0, 0, 0, 0, 0, 0, 0, 0, 0, 0, 0, 0, 0, 0, 0, 0, 0, 0, 0, 0, 0, 0, 0, 0, 0, 0, 0, 0, 0, 0, 0, 0, 0, 0, 0, 0, 0, 0, 0, 0, 0, 0, 0]
[1747426657] "server_type!(TextServer)"
[1747426676] [102, 105, 108, 101, 115, 95, 108, 105, 115, 116, 33, 40, 91, 34, 114, 114, 114, 46, 116, 120, 116, 34, 44, 32, 34, 116, 101, 120, 116, 51, 46, 116, 120, 116, 34, 44, 32, 34, 116, 101, 120, 116, 50, 46, 116, 120, 116, 34, 44, 32, 34, 116, 101, 120, 116, 49, 46, 116, 120, 116, 34, 93, 41, 0, 0, 0, 0, 0, 0, 0, 0, 0, 0, 0, 0, 0, 0, 0, 0, 0, 0, 0, 0, 0, 0, 0, 0, 0, 0, 0, 0, 0, 0, 0, 0, 0, 0, 0, 0, 0, 0, 0, 0, 0, 0, 0, 0, 0, 0, 0, 0, 0, 0, 0, 0, 0, 0, 0, 0, 0, 0, 0, 0, 0, 0, 0, 0, 0]
[1747426676] "files_list!([\"rrr.txt\", \"text3.txt\", \"text2.txt\", \"text1.txt\"])"
[1747426782] [115, 101, 114, 118, 101, 114, 95, 116, 121, 112, 101, 33, 40, 84, 101, 120, 116, 83, 101, 114, 118, 101, 114, 41, 0, 0, 0, 0, 0, 0, 0, 0, 0, 0, 0, 0, 0, 0, 0, 0, 0, 0, 0, 0, 0, 0, 0, 0, 0, 0, 0, 0, 0, 0, 0, 0, 0, 0, 0, 0, 0, 0, 0, 0, 0, 0, 0, 0, 0, 0, 0, 0, 0, 0, 0, 0, 0, 0, 0, 0, 0, 0, 0, 0, 0, 0, 0, 0, 0, 0, 0, 0, 0, 0, 0, 0, 0, 0, 0, 0, 0, 0, 0, 0, 0, 0, 0, 0, 0, 0, 0, 0, 0, 0, 0, 0, 0, 0, 0, 0, 0, 0, 0, 0, 0, 0, 0, 0]
[1747426782] "server_type!(TextServer)"
[1747426963] [115, 101, 114, 118, 101, 114, 95, 116, 121, 112, 101, 33, 40, 77, 101, 100, 105, 97, 83, 101, 114, 118, 101, 114, 41, 0, 0, 0, 0, 0, 0, 0, 0, 0, 0, 0, 0, 0, 0, 0, 0, 0, 0, 0, 0, 0, 0, 0, 0, 0, 0, 0, 0, 0, 0, 0, 0, 0, 0, 0, 0, 0, 0, 0, 0, 0, 0, 0, 0, 0, 0, 0, 0, 0, 0, 0, 0, 0, 0, 0, 0, 0, 0, 0, 0, 0, 0, 0, 0, 0, 0, 0, 0, 0, 0, 0, 0, 0, 0, 0, 0, 0, 0, 0, 0, 0, 0, 0, 0, 0, 0, 0, 0, 0, 0, 0, 0, 0, 0, 0, 0, 0, 0, 0, 0, 0, 0, 0]
[1747426963] "server_type!(MediaServer)"
[1747426975] [102, 105, 108, 101, 115, 95, 108, 105, 115, 116, 33, 40, 91, 34, 114, 114, 114, 46, 116, 120, 116, 34, 44, 32, 34, 116, 101, 120, 116, 51, 46, 116, 120, 116, 34, 44, 32, 34, 116, 101, 120, 116, 50, 46, 116, 120, 116, 34, 44, 32, 34, 116, 101, 120, 116, 49, 46, 116, 120, 116, 34, 93, 41, 0, 0, 0, 0, 0, 0, 0, 0, 0, 0, 0, 0, 0, 0, 0, 0, 0, 0, 0, 0, 0, 0, 0, 0, 0, 0, 0, 0, 0, 0, 0, 0, 0, 0, 0, 0, 0, 0, 0, 0, 0, 0, 0, 0, 0, 0, 0, 0, 0, 0, 0, 0, 0, 0, 0, 0, 0, 0, 0, 0, 0, 0, 0, 0, 0]
[1747426975] "files_list!([\"rrr.txt\", \"text3.txt\", \"text2.txt\", \"text1.txt\"])"
[1747427301] [115, 101, 114, 118, 101, 114, 95, 116, 121, 112, 101, 33, 40, 77, 101, 100, 105, 97, 83, 101, 114, 118, 101, 114, 41, 0, 0, 0, 0, 0, 0, 0, 0, 0, 0, 0, 0, 0, 0, 0, 0, 0, 0, 0, 0, 0, 0, 0, 0, 0, 0, 0, 0, 0, 0, 0, 0, 0, 0, 0, 0, 0, 0, 0, 0, 0, 0, 0, 0, 0, 0, 0, 0, 0, 0, 0, 0, 0, 0, 0, 0, 0, 0, 0, 0, 0, 0, 0, 0, 0, 0, 0, 0, 0, 0, 0, 0, 0, 0, 0, 0, 0, 0, 0, 0, 0, 0, 0, 0, 0, 0, 0, 0, 0, 0, 0, 0, 0, 0, 0, 0, 0, 0, 0, 0, 0, 0, 0]
[1747427301] "server_type!(MediaServer)"
[1747427308] [102, 105, 108, 101, 115, 95, 108, 105, 115, 116, 33, 40, 91, 34, 114, 114, 114, 46, 116, 120, 116, 34, 44, 32, 34, 116, 101, 120, 116, 51, 46, 116, 120, 116, 34, 44, 32, 34, 116, 101, 120, 116, 50, 46, 116, 120, 116, 34, 44, 32, 34, 116, 101, 120, 116, 49, 46, 116, 120, 116, 34, 93, 41, 0, 0, 0, 0, 0, 0, 0, 0, 0, 0, 0, 0, 0, 0, 0, 0, 0, 0, 0, 0, 0, 0, 0, 0, 0, 0, 0, 0, 0, 0, 0, 0, 0, 0, 0, 0, 0, 0, 0, 0, 0, 0, 0, 0, 0, 0, 0, 0, 0, 0, 0, 0, 0, 0, 0, 0, 0, 0, 0, 0, 0, 0, 0, 0, 0]
[1747427308] "files_list!([\"rrr.txt\", \"text3.txt\", \"text2.txt\", \"text1.txt\"])"
[1747427595] [115, 101, 114, 118, 101, 114, 95, 116, 121, 112, 101, 33, 40, 77, 101, 100, 105, 97, 83, 101, 114, 118, 101, 114, 41, 0, 0, 0, 0, 0, 0, 0, 0, 0, 0, 0, 0, 0, 0, 0, 0, 0, 0, 0, 0, 0, 0, 0, 0, 0, 0, 0, 0, 0, 0, 0, 0, 0, 0, 0, 0, 0, 0, 0, 0, 0, 0, 0, 0, 0, 0, 0, 0, 0, 0, 0, 0, 0, 0, 0, 0, 0, 0, 0, 0, 0, 0, 0, 0, 0, 0, 0, 0, 0, 0, 0, 0, 0, 0, 0, 0, 0, 0, 0, 0, 0, 0, 0, 0, 0, 0, 0, 0, 0, 0, 0, 0, 0, 0, 0, 0, 0, 0, 0, 0, 0, 0, 0]
[1747427595] "server_type!(MediaServer)"
[1747427609] [102, 105, 108, 101, 115, 95, 108, 105, 115, 116, 33, 40, 91, 34, 114, 114, 114, 46, 116, 120, 116, 34, 44, 32, 34, 116, 101, 120, 116, 51, 46, 116, 120, 116, 34, 44, 32, 34, 116, 101, 120, 116, 50, 46, 116, 120, 116, 34, 44, 32, 34, 116, 101, 120, 116, 49, 46, 116, 120, 116, 34, 93, 41, 0, 0, 0, 0, 0, 0, 0, 0, 0, 0, 0, 0, 0, 0, 0, 0, 0, 0, 0, 0, 0, 0, 0, 0, 0, 0, 0, 0, 0, 0, 0, 0, 0, 0, 0, 0, 0, 0, 0, 0, 0, 0, 0, 0, 0, 0, 0, 0, 0, 0, 0, 0, 0, 0, 0, 0, 0, 0, 0, 0, 0, 0, 0, 0, 0]
[1747427609] "files_list!([\"rrr.txt\", \"text3.txt\", \"text2.txt\", \"text1.txt\"])"
[1747427856] [115, 101, 114, 118, 101, 114, 95, 116, 121, 112, 101, 33, 40, 77, 101, 100, 105, 97, 83, 101, 114, 118, 101, 114, 41, 0, 0, 0, 0, 0, 0, 0, 0, 0, 0, 0, 0, 0, 0, 0, 0, 0, 0, 0, 0, 0, 0, 0, 0, 0, 0, 0, 0, 0, 0, 0, 0, 0, 0, 0, 0, 0, 0, 0, 0, 0, 0, 0, 0, 0, 0, 0, 0, 0, 0, 0, 0, 0, 0, 0, 0, 0, 0, 0, 0, 0, 0, 0, 0, 0, 0, 0, 0, 0, 0, 0, 0, 0, 0, 0, 0, 0, 0, 0, 0, 0, 0, 0, 0, 0, 0, 0, 0, 0, 0, 0, 0, 0, 0, 0, 0, 0, 0, 0, 0, 0, 0, 0]
[1747427856] "server_type!(MediaServer)"
[1747427864] [102, 105, 108, 101, 115, 95, 108, 105, 115, 116, 33, 40, 91, 34, 114, 114, 114, 46, 116, 120, 116, 34, 44, 32, 34, 116, 101, 120, 116, 51, 46, 116, 120, 116, 34, 44, 32, 34, 116, 101, 120, 116, 50, 46, 116, 120, 116, 34, 44, 32, 34, 116, 101, 120, 116, 49, 46, 116, 120, 116, 34, 93, 41, 0, 0, 0, 0, 0, 0, 0, 0, 0, 0, 0, 0, 0, 0, 0, 0, 0, 0, 0, 0, 0, 0, 0, 0, 0, 0, 0, 0, 0, 0, 0, 0, 0, 0, 0, 0, 0, 0, 0, 0, 0, 0, 0, 0, 0, 0, 0, 0, 0, 0, 0, 0, 0, 0, 0, 0, 0, 0, 0, 0, 0, 0, 0, 0, 0]
[1747427864] "files_list!([\"rrr.txt\", \"text3.txt\", \"text2.txt\", \"text1.txt\"])"
[1747428049] [115, 101, 114, 118, 101, 114, 95, 116, 121, 112, 101, 33, 40, 77, 101, 100, 105, 97, 83, 101, 114, 118, 101, 114, 41, 0, 0, 0, 0, 0, 0, 0, 0, 0, 0, 0, 0, 0, 0, 0, 0, 0, 0, 0, 0, 0, 0, 0, 0, 0, 0, 0, 0, 0, 0, 0, 0, 0, 0, 0, 0, 0, 0, 0, 0, 0, 0, 0, 0, 0, 0, 0, 0, 0, 0, 0, 0, 0, 0, 0, 0, 0, 0, 0, 0, 0, 0, 0, 0, 0, 0, 0, 0, 0, 0, 0, 0, 0, 0, 0, 0, 0, 0, 0, 0, 0, 0, 0, 0, 0, 0, 0, 0, 0, 0, 0, 0, 0, 0, 0, 0, 0, 0, 0, 0, 0, 0, 0]
[1747428049] "server_type!(MediaServer)"
[1747428079] [102, 105, 108, 101, 115, 95, 108, 105, 115, 116, 33, 40, 91, 34, 114, 114, 114, 46, 116, 120, 116, 34, 44, 32, 34, 116, 101, 120, 116, 51, 46, 116, 120, 116, 34, 44, 32, 34, 116, 101, 120, 116, 50, 46, 116, 120, 116, 34, 44, 32, 34, 116, 101, 120, 116, 49, 46, 116, 120, 116, 34, 93, 41, 0, 0, 0, 0, 0, 0, 0, 0, 0, 0, 0, 0, 0, 0, 0, 0, 0, 0, 0, 0, 0, 0, 0, 0, 0, 0, 0, 0, 0, 0, 0, 0, 0, 0, 0, 0, 0, 0, 0, 0, 0, 0, 0, 0, 0, 0, 0, 0, 0, 0, 0, 0, 0, 0, 0, 0, 0, 0, 0, 0, 0, 0, 0, 0, 0]
[1747428079] "files_list!([\"rrr.txt\", \"text3.txt\", \"text2.txt\", \"text1.txt\"])"
[1747428082] [109, 101, 100, 105, 97, 33, 40, 55, 56, 57, 41, 0, 0, 0, 0, 0, 0, 0, 0, 0, 0, 0, 0, 0, 0, 0, 0, 0, 0, 0, 0, 0, 0, 0, 0, 0, 0, 0, 0, 0, 0, 0, 0, 0, 0, 0, 0, 0, 0, 0, 0, 0, 0, 0, 0, 0, 0, 0, 0, 0, 0, 0, 0, 0, 0, 0, 0, 0, 0, 0, 0, 0, 0, 0, 0, 0, 0, 0, 0, 0, 0, 0, 0, 0, 0, 0, 0, 0, 0, 0, 0, 0, 0, 0, 0, 0, 0, 0, 0, 0, 0, 0, 0, 0, 0, 0, 0, 0, 0, 0, 0, 0, 0, 0, 0, 0, 0, 0, 0, 0, 0, 0, 0, 0, 0, 0, 0, 0]
[1747428082] "media!(789)"
[1747428100] [109, 101, 100, 105, 97, 33, 40, 103, 97, 107, 100, 106, 115, 102, 103, 107, 46, 106, 97, 100, 98, 103, 107, 46, 102, 97, 100, 106, 103, 46, 107, 97, 100, 102, 106, 10, 103, 97, 107, 100, 106, 115, 102, 103, 107, 46, 106, 97, 100, 98, 103, 107, 46, 102, 97, 100, 106, 103, 46, 107, 97, 100, 102, 106, 103, 97, 107, 100, 106, 115, 102, 103, 107, 46, 106, 97, 100, 98, 103, 107, 46, 102, 97, 100, 106, 103, 46, 107, 97, 100, 102, 106, 10, 103, 97, 107, 100, 106, 115, 102, 103, 107, 46, 106, 97, 100, 98, 103, 107, 46, 102, 97, 100, 106, 103, 46, 107, 97, 100, 102, 106, 103, 97, 107, 100, 106, 115, 102]
[1747428100] [103, 107, 46, 106, 97, 100, 98, 103, 107, 46, 102, 97, 100, 106, 103, 46, 107, 97, 100, 102, 106, 10, 103, 97, 107, 100, 106, 115, 102, 103, 107, 46, 106, 97, 100, 98, 103, 107, 46, 102, 97, 100, 106, 103, 46, 107, 97, 100, 102, 106, 103, 97, 107, 100, 106, 115, 102, 103, 107, 46, 106, 97, 100, 98, 103, 107, 46, 102, 97, 100, 106, 103, 46, 107, 97, 100, 102, 106, 10, 103, 97, 107, 100, 106, 115, 102, 103, 107, 46, 106, 97, 100, 98, 103, 107, 46, 102, 97, 100, 106, 103, 46, 107, 97, 100, 102, 106, 103, 97, 107, 100, 106, 115, 102, 103, 107, 46, 106, 97, 100, 98, 103, 107, 46, 102, 97, 100, 106]
[1747428100] [103, 46, 107, 97, 100, 102, 106, 10, 103, 97, 107, 100, 106, 115, 102, 103, 107, 46, 106, 97, 100, 98, 103, 107, 46, 102, 97, 100, 106, 103, 46, 107, 97, 100, 102, 106, 103, 97, 107, 100, 106, 115, 102, 103, 107, 46, 106, 97, 100, 98, 103, 107, 46, 102, 97, 100, 106, 103, 46, 107, 97, 100, 102, 106, 10, 103, 97, 107, 100, 106, 115, 102, 103, 107, 46, 106, 97, 100, 98, 103, 107, 46, 102, 97, 100, 106, 103, 46, 107, 97, 100, 102, 106, 103, 97, 107, 100, 106, 115, 102, 103, 107, 46, 106, 97, 100, 98, 103, 107, 46, 102, 97, 100, 106, 103, 46, 107, 97, 100, 102, 106, 10, 103, 97, 107, 100, 106, 115]
[1747428100] [102, 103, 107, 46, 106, 97, 100, 98, 103, 107, 46, 102, 97, 100, 106, 103, 46, 107, 97, 100, 102, 106, 103, 97, 107, 100, 106, 115, 102, 103, 107, 46, 106, 97, 100, 98, 103, 107, 46, 102, 97, 100, 106, 103, 46, 107, 97, 100, 102, 106, 10, 103, 97, 107, 100, 106, 115, 102, 103, 107, 46, 106, 97, 100, 98, 103, 107, 46, 102, 97, 100, 106, 103, 46, 107, 97, 100, 102, 106, 103, 97, 107, 100, 106, 115, 102, 103, 107, 46, 106, 97, 100, 98, 103, 107, 46, 102, 97, 100, 106, 103, 46, 107, 97, 100, 102, 106, 10, 103, 97, 107, 100, 106, 115, 102, 103, 107, 46, 106, 97, 100, 98, 103, 107, 46, 102, 97, 100]
[1747428100] [106, 103, 46, 107, 97, 100, 102, 106, 103, 97, 107, 100, 106, 115, 102, 103, 107, 46, 106, 97, 100, 98, 103, 107, 46, 102, 97, 100, 106, 103, 46, 107, 97, 100, 102, 106, 10, 103, 97, 107, 100, 106, 115, 102, 103, 107, 46, 106, 97, 100, 98, 103, 107, 46, 102, 97, 100, 106, 103, 46, 107, 97, 100, 102, 106, 103, 97, 107, 100, 106, 115, 102, 103, 107, 46, 106, 97, 100, 98, 103, 107, 46, 102, 97, 100, 106, 103, 46, 107, 97, 100, 102, 106, 10, 103, 97, 107, 100, 106, 115, 102, 103, 107, 46, 106, 97, 100, 98, 103, 107, 46, 102, 97, 100, 106, 103, 46, 107, 97, 100, 102, 106, 103, 97, 107, 100, 106, 115]
[1747428100] [102, 103, 107, 46, 106, 97, 100, 98, 103, 107, 46, 102, 97, 100, 106, 103, 46, 107, 97, 100, 102, 106, 10, 103, 97, 107, 100, 106, 115, 102, 103, 107, 46, 106, 97, 100, 98, 103, 107, 46, 102, 97, 100, 106, 103, 46, 107, 97, 100, 102, 106, 103, 97, 107, 100, 106, 115, 102, 103, 107, 46, 106, 97, 100, 98, 103, 107, 46, 102, 97, 100, 106, 103, 46, 107, 97, 100, 102, 106, 10, 103, 97, 107, 100, 106, 115, 102, 103, 107, 46, 106, 97, 100, 98, 103, 107, 46, 102, 97, 100, 106, 103, 46, 107, 97, 100, 102, 106, 103, 97, 107, 100, 106, 115, 102, 103, 107, 46, 106, 97, 100, 98, 103, 107, 46, 102, 97, 100]
[1747428100] [106, 103, 46, 107, 97, 100, 102, 106, 10, 103, 97, 107, 100, 106, 115, 102, 103, 107, 46, 106, 97, 100, 98, 103, 107, 46, 102, 97, 100, 106, 103, 46, 107, 97, 100, 102, 106, 103, 97, 107, 100, 106, 115, 102, 103, 107, 46, 106, 97, 100, 98, 103, 107, 46, 102, 97, 100, 106, 103, 46, 107, 97, 100, 102, 106, 10, 103, 97, 107, 100, 106, 115, 102, 103, 107, 46, 106, 97, 100, 98, 103, 107, 46, 102, 97, 100, 106, 103, 46, 107, 97, 100, 102, 106, 103, 97, 107, 100, 106, 115, 102, 103, 107, 46, 106, 97, 100, 98, 103, 107, 46, 102, 97, 100, 106, 103, 46, 107, 97, 100, 102, 106, 10, 103, 97, 107, 100, 106]
[1747428100] [115, 102, 103, 107, 46, 106, 97, 100, 98, 103, 107, 46, 102, 97, 100, 106, 103, 46, 107, 97, 100, 102, 106, 103, 97, 107, 100, 106, 115, 102, 103, 107, 46, 106, 97, 100, 98, 103, 107, 46, 102, 97, 100, 106, 103, 46, 107, 97, 100, 102, 106, 10, 103, 97, 107, 100, 106, 115, 102, 103, 107, 46, 106, 97, 100, 98, 103, 107, 46, 102, 97, 100, 106, 103, 46, 107, 97, 100, 102, 106, 103, 97, 107, 100, 106, 115, 102, 103, 107, 46, 106, 97, 100, 98, 103, 107, 46, 102, 97, 100, 106, 103, 46, 107, 97, 100, 102, 106, 10, 103, 97, 107, 100, 106, 115, 102, 103, 107, 46, 106, 97, 100, 98, 103, 107, 46, 102, 97]
[1747428100] [100, 106, 103, 46, 107, 97, 100, 102, 106, 103, 97, 107, 100, 106, 115, 102, 103, 107, 46, 106, 97, 100, 98, 103, 107, 46, 102, 97, 100, 106, 103, 46, 107, 97, 100, 102, 106, 10, 103, 97, 107, 100, 106, 115, 102, 103, 107, 46, 106, 97, 100, 98, 103, 107, 46, 102, 97, 100, 106, 103, 46, 107, 97, 100, 102, 106, 103, 97, 107, 100, 106, 115, 102, 103, 107, 46, 106, 97, 100, 98, 103, 107, 46, 102, 97, 100, 106, 103, 46, 107, 97, 100, 102, 106, 10, 103, 97, 107, 100, 106, 115, 102, 103, 107, 46, 106, 97, 100, 98, 103, 107, 46, 102, 97, 100, 106, 103, 46, 107, 97, 100, 102, 106, 103, 97, 107, 100, 106]
[1747428100] [115, 102, 103, 107, 46, 106, 97, 100, 98, 103, 107, 46, 102, 97, 100, 106, 103, 46, 107, 97, 100, 102, 106, 10, 103, 97, 107, 100, 106, 115, 102, 103, 107, 46, 106, 97, 100, 98, 103, 107, 46, 102, 97, 100, 106, 103, 46, 107, 97, 100, 102, 106, 103, 97, 107, 100, 106, 115, 102, 103, 107, 46, 106, 97, 100, 98, 103, 107, 46, 102, 97, 100, 106, 103, 46, 107, 97, 100, 102, 106, 10, 103, 97, 107, 100, 106, 115, 102, 103, 107, 46, 106, 97, 100, 98, 103, 107, 46, 102, 97, 100, 106, 103, 46, 107, 97, 100, 102, 106, 103, 97, 107, 100, 106, 115, 102, 103, 107, 46, 106, 97, 100, 98, 103, 107, 46, 102, 97]
[1747428100] [100, 106, 103, 46, 107, 97, 100, 102, 106, 10, 103, 97, 107, 100, 106, 115, 102, 103, 107, 46, 106, 97, 100, 98, 103, 107, 46, 102, 97, 100, 106, 103, 46, 107, 97, 100, 102, 106, 103, 97, 107, 100, 106, 115, 102, 103, 107, 46, 106, 97, 100, 98, 103, 107, 46, 102, 97, 100, 106, 103, 46, 107, 97, 100, 102, 106, 10, 103, 97, 107, 100, 106, 115, 102, 103, 107, 46, 106, 97, 100, 98, 103, 107, 46, 102, 97, 100, 106, 103, 46, 107, 97, 100, 102, 106, 103, 97, 107, 100, 106, 115, 102, 103, 107, 46, 106, 97, 100, 98, 103, 107, 46, 102, 97, 100, 106, 103, 46, 107, 97, 100, 102, 106, 10, 103, 97, 107, 100]
[1747428100] [106, 115, 102, 103, 107, 46, 106, 97, 100, 98, 103, 107, 46, 102, 97, 100, 106, 103, 46, 107, 97, 100, 102, 106, 103, 97, 107, 100, 106, 115, 102, 103, 107, 46, 106, 97, 100, 98, 103, 107, 46, 102, 97, 100, 106, 103, 46, 107, 97, 100, 102, 106, 10, 103, 97, 107, 100, 106, 115, 102, 103, 107, 46, 106, 97, 100, 98, 103, 107, 46, 102, 97, 100, 106, 103, 46, 107, 97, 100, 102, 106, 103, 97, 107, 100, 106, 115, 102, 103, 107, 46, 106, 97, 100, 98, 103, 107, 46, 102, 97, 100, 106, 103, 46, 107, 97, 100, 102, 106, 10, 103, 97, 107, 100, 106, 115, 102, 103, 107, 46, 106, 97, 100, 98, 103, 107, 46, 102]
[1747428100] [97, 100, 106, 103, 46, 107, 97, 100, 102, 106, 103, 97, 107, 100, 106, 115, 102, 103, 107, 46, 106, 97, 100, 98, 103, 107, 46, 102, 97, 100, 106, 103, 46, 107, 97, 100, 102, 106, 10, 103, 97, 107, 100, 106, 115, 102, 103, 107, 46, 106, 97, 100, 98, 103, 107, 46, 102, 97, 100, 106, 103, 46, 107, 97, 100, 102, 106, 103, 97, 107, 100, 106, 115, 102, 103, 107, 46, 106, 97, 100, 98, 103, 107, 46, 102, 97, 100, 106, 103, 46, 107, 97, 100, 102, 106, 10, 103, 97, 107, 100, 106, 115, 102, 103, 107, 46, 106, 97, 100, 98, 103, 107, 46, 102, 97, 100, 106, 103, 46, 107, 97, 100, 102, 106, 103, 97, 107, 100]
[1747428100] [106, 115, 102, 103, 107, 46, 106, 97, 100, 98, 103, 107, 46, 102, 97, 100, 106, 103, 46, 107, 97, 100, 102, 106, 10, 103, 97, 107, 100, 106, 115, 102, 103, 107, 46, 106, 97, 100, 98, 103, 107, 46, 102, 97, 100, 106, 103, 46, 107, 97, 100, 102, 106, 103, 97, 107, 100, 106, 115, 102, 103, 107, 46, 106, 97, 100, 98, 103, 107, 46, 102, 97, 100, 106, 103, 46, 107, 97, 100, 102, 106, 10, 103, 97, 107, 100, 106, 115, 102, 103, 107, 46, 106, 97, 100, 98, 103, 107, 46, 102, 97, 100, 106, 103, 46, 107, 97, 100, 102, 106, 10, 41, 0, 0, 0, 0, 0, 0, 0, 0, 0, 0, 0, 0, 0, 0, 0, 0]
[1747428100] "media!(gakdjsfgk.jadbgk.fadjg.kadfj\ngakdjsfgk.jadbgk.fadjg.kadfjgakdjsfgk.jadbgk.fadjg.kadfj\ngakdjsfgk.jadbgk.fadjg.kadfjgakdjsfgk.jadbgk.fadjg.kadfj\ngakdjsfgk.jadbgk.fadjg.kadfjgakdjsfgk.jadbgk.fadjg.kadfj\ngakdjsfgk.jadbgk.fadjg.kadfjgakdjsfgk.jadbgk.fadjg.kadfj\ngakdjsfgk.jadbgk.fadjg.kadfjgakdjsfgk.jadbgk.fadjg.kadfj\ngakdjsfgk.jadbgk.fadjg.kadfjgakdjsfgk.jadbgk.fadjg.kadfj\ngakdjsfgk.jadbgk.fadjg.kadfjgakdjsfgk.jadbgk.fadjg.kadfj\ngakdjsfgk.jadbgk.fadjg.kadfjgakdjsfgk.jadbgk.fadjg.kadfj\ngakdjsfgk.jadbgk.fadjg.kadfjgakdjsfgk.jadbgk.fadjg.kadfj\ngakdjsfgk.jadbgk.fadjg.kadfjgakdjsfgk.jadbgk.fadjg.kadfj\ngakdjsfgk.jadbgk.fadjg.kadfjgakdjsfgk.jadbgk.fadjg.kadfj\ngakdjsfgk.jadbgk.fadjg.kadfjgakdjsfgk.jadbgk.fadjg.kadfj\ngakdjsfgk.jadbgk.fadjg.kadfjgakdjsfgk.jadbgk.fadjg.kadfj\ngakdjsfgk.jadbgk.fadjg.kadfjgakdjsfgk.jadbgk.fadjg.kadfj\ngakdjsfgk.jadbgk.fadjg.kadfjgakdjsfgk.jadbgk.fadjg.kadfj\ngakdjsfgk.jadbgk.fadjg.kadfjgakdjsfgk.jadbgk.fadjg.kadfj\ngakdjsfgk.jadbgk.fadjg.kadfjgakdjsfgk.jadbgk.fadjg.kadfj\ngakdjsfgk.jadbgk.fadjg.kadfjgakdjsfgk.jadbgk.fadjg.kadfj\ngakdjsfgk.jadbgk.fadjg.kadfjgakdjsfgk.jadbgk.fadjg.kadfj\ngakdjsfgk.jadbgk.fadjg.kadfjgakdjsfgk.jadbgk.fadjg.kadfj\ngakdjsfgk.jadbgk.fadjg.kadfjgakdjsfgk.jadbgk.fadjg.kadfj\ngakdjsfgk.jadbgk.fadjg.kadfjgakdjsfgk.jadbgk.fadjg.kadfj\ngakdjsfgk.jadbgk.fadjg.kadfjgakdjsfgk.jadbgk.fadjg.kadfj\ngakdjsfgk.jadbgk.fadjg.kadfjgakdjsfgk.jadbgk.fadjg.kadfj\ngakdjsfgk.jadbgk.fadjg.kadfjgakdjsfgk.jadbgk.fadjg.kadfj\ngakdjsfgk.jadbgk.fadjg.kadfjgakdjsfgk.jadbgk.fadjg.kadfj\ngakdjsfgk.jadbgk.fadjg.kadfjgakdjsfgk.jadbgk.fadjg.kadfj\ngakdjsfgk.jadbgk.fadjg.kadfjgakdjsfgk.jadbgk.fadjg.kadfj\ngakdjsfgk.jadbgk.fadjg.kadfjgakdjsfgk.jadbgk.fadjg.kadfj\ngakdjsfgk.jadbgk.fadjg.kadfjgakdjsfgk.jadbgk.fadjg.kadfj\ngakdjsfgk.jadbgk.fadjg.kadfj\n)"
[1747428100] [103, 107, 46, 106, 97, 100, 98, 103, 107, 46, 102, 97, 100, 106, 103, 46, 107, 97, 100, 102, 106, 10, 103, 97, 107, 100, 106, 115, 102, 103, 107, 46, 106, 97, 100, 98, 103, 107, 46, 102, 97, 100, 106, 103, 46, 107, 97, 100, 102, 106, 103, 97, 107, 100, 106, 115, 102, 103, 107, 46, 106, 97, 100, 98, 103, 107, 46, 102, 97, 100, 106, 103, 46, 107, 97, 100, 102, 106, 10, 103, 97, 107, 100, 106, 115, 102, 103, 107, 46, 106, 97, 100, 98, 103, 107, 46, 102, 97, 100, 106, 103, 46, 107, 97, 100, 102, 106, 103, 97, 107, 100, 106, 115, 102, 103, 107, 46, 106, 97, 100, 98, 103, 107, 46, 102, 97, 100, 106]
[1747428112] [109, 101, 100, 105, 97, 33, 40, 55, 56, 57, 41, 0, 0, 0, 0, 0, 0, 0, 0, 0, 0, 0, 0, 0, 0, 0, 0, 0, 0, 0, 0, 0, 0, 0, 0, 0, 0, 0, 0, 0, 0, 0, 0, 0, 0, 0, 0, 0, 0, 0, 0, 0, 0, 0, 0, 0, 0, 0, 0, 0, 0, 0, 0, 0, 0, 0, 0, 0, 0, 0, 0, 0, 0, 0, 0, 0, 0, 0, 0, 0, 0, 0, 0, 0, 0, 0, 0, 0, 0, 0, 0, 0, 0, 0, 0, 0, 0, 0, 0, 0, 0, 0, 0, 0, 0, 0, 0, 0, 0, 0, 0, 0, 0, 0, 0, 0, 0, 0, 0, 0, 0, 0, 0, 0, 0, 0, 0, 0]
[1747428112] "media!(789)"
[1747428230] [102, 105, 108, 101, 115, 95, 108, 105, 115, 116, 33, 40, 91, 34, 114, 114, 114, 46, 116, 120, 116, 34, 44, 32, 34, 116, 101, 120, 116, 51, 46, 116, 120, 116, 34, 44, 32, 34, 116, 101, 120, 116, 50, 46, 116, 120, 116, 34, 44, 32, 34, 67, 114, 97, 119, 108, 105, 110, 103, 32, 45, 32, 76, 105, 110, 107, 105, 110, 32, 80, 97, 114, 107, 46, 109, 112, 51, 34, 44, 32, 34, 116, 101, 120, 116, 49, 46, 116, 120, 116, 34, 93, 41, 0, 0, 0, 0, 0, 0, 0, 0, 0, 0, 0, 0, 0, 0, 0, 0, 0, 0, 0, 0, 0, 0, 0, 0, 0, 0, 0, 0, 0, 0, 0, 0, 0, 0, 0]
[1747428230] "files_list!([\"rrr.txt\", \"text3.txt\", \"text2.txt\", \"Crawling - Linkin Park.mp3\", \"text1.txt\"])"
[1747428240] [109, 101, 100, 105, 97, 33, 40, 73, 68, 51, 3, 0, 0, 0, 9, 89, 83, 84, 73, 84, 50, 0, 0, 0, 19, 0, 0, 1, 255, 254, 67, 0, 114, 0, 97, 0, 119, 0, 108, 0, 105, 0, 110, 0, 103, 0, 84, 80, 69, 49, 0, 0, 0, 25, 0, 0, 1, 255, 254, 76, 0, 105, 0, 110, 0, 107, 0, 105, 0, 110, 0, 32, 0, 80, 0, 97, 0, 114, 0, 107, 0, 84, 65, 76, 66, 0, 0, 0, 61, 0, 0, 1, 255, 254, 72, 0, 121, 0, 98, 0, 114, 0, 105, 0, 100, 0, 32, 0, 84, 0, 104, 0, 101, 0, 111, 0, 114, 0, 121, 0, 32, 0, 40, 0, 66, 0, 111, 0]
[1747428240] [110, 0, 117, 0, 115, 0, 32, 0, 69, 0, 100, 0, 105, 0, 116, 0, 105, 0, 111, 0, 110, 0, 41, 0, 84, 89, 69, 82, 0, 0, 0, 5, 0, 0, 0, 50, 48, 48, 48, 67, 79, 77, 77, 0, 0, 0, 76, 0, 0, 1, 101, 110, 103, 255, 254, 110, 0, 0, 0, 255, 254, 67, 0, 111, 0, 110, 0, 118, 0, 101, 0, 114, 0, 116, 0, 101, 0, 100, 0, 32, 0, 98, 0, 121, 0, 32, 0, 83, 0, 112, 0, 111, 0, 116, 0, 105, 0, 68, 0, 111, 0, 119, 0, 110, 0, 108, 0, 111, 0, 97, 0, 100, 0, 101, 0, 114, 0, 46, 0, 99, 0, 111, 0, 109, 0, 65, 80, 73]
[1747428240] [67, 0, 2, 91, 165, 0, 0, 0, 105, 109, 97, 103, 101, 47, 106, 112, 101, 103, 0, 3, 67, 111, 118, 101, 114, 32, 111, 102, 32, 67, 114, 97, 119, 108, 105, 110, 103, 32, 98, 121, 32, 76, 105, 110, 107, 105, 110, 32, 80, 97, 114, 107, 0, 255, 216, 255, 224, 0, 16, 74, 70, 73, 70, 0, 1, 1, 1, 0, 72, 0, 72, 0, 0, 255, 219, 0, 67, 0, 3, 2, 2, 3, 2, 2, 3, 3, 3, 3, 4, 3, 3, 4, 5, 8, 5, 5, 4, 4, 5, 10, 7, 7, 6, 8, 12, 10, 12, 12, 11, 10, 11, 11, 13, 14, 18, 16, 13, 14, 17, 14, 11, 11, 16, 22, 16, 17, 19, 20]
[1747428240] [21, 21, 21, 12, 15, 23, 24, 22, 20, 24, 18, 20, 21, 20, 255, 219, 0, 67, 1, 3, 4, 4, 5, 4, 5, 9, 5, 5, 9, 20, 13, 11, 13, 20, 20, 20, 20, 20, 20, 20, 20, 20, 20, 20, 20, 20, 20, 20, 20, 20, 20, 20, 20, 20, 20, 20, 20, 20, 20, 20, 20, 20, 20, 20, 20, 20, 20, 20, 20, 20, 20, 20, 20, 20, 20, 20, 20, 20, 20, 20, 20, 20, 20, 255, 192, 0, 17, 8, 2, 128, 2, 128, 3, 1, 17, 0, 2, 17, 1, 3, 17, 1, 255, 196, 0, 30, 0, 0, 0, 6, 3, 1, 1, 0, 0, 0, 0, 0, 0, 0, 0, 0, 0, 3, 4, 5, 6, 7]
[1747428240] [8, 1, 2, 9, 0, 10, 255, 196, 0, 91, 16, 0, 2, 1, 2, 5, 2, 4, 4, 3, 5, 4, 6, 4, 11, 0, 19, 1, 2, 3, 4, 17, 0, 5, 6, 18, 33, 7, 49, 19, 34, 65, 81, 8, 20, 97, 113, 50, 129, 145, 9, 21, 35, 66, 161, 22, 82, 177, 193, 36, 51, 98, 209, 225, 240, 67, 114, 130, 178, 23, 37, 53, 83, 99, 115, 146, 162, 179, 210, 241, 24, 38, 52, 55, 116, 131, 69, 101, 147, 148, 54, 68, 85, 100, 117, 149, 163, 194, 226, 255, 196, 0, 27, 1, 0, 3, 1, 1, 1, 1, 1, 0, 0, 0, 0, 0, 0, 0, 0, 0, 0, 1, 2, 3, 4, 5, 6, 7]
